# oST version 5.0 parameters


[image]

width
960

height
720

[narrow_stereo]

camera matrix
904.531339 0.000000 483.185374
0.000000 904.357560 357.451038
0.000000 0.000000 1.000000

distortion
-0.023296 0.026746 -0.001577 0.006272 0.000000

rectification
1.000000 0.000000 0.000000
0.000000 1.000000 0.000000
0.000000 0.000000 1.000000

projection
901.300659 0.000000 488.597355 0.000000
0.000000 905.674866 356.386839 0.000000
0.000000 0.000000 1.000000 0.000000

